boltzmanMean = [263.6208620787, 170.3484166384, 169.4219012737, 143.098157692,	104.1226441383,	85.4054455519, 85.0634589434]
costAssignmentMean = [9.5663532257, 7.2925525665, 6.1664659739,	5.007754755, 4.3980521202,	3.9955183744, 3.6534616709]
FaceDetectorMean = [465.0349969387, 374.0141895533, 334.6687595606, 257.7992631674, 245.089342308,	212.0572485209,	194.5797878265]
TextSearchMean =[44.3913730383,	38.3111582518,	34.3995591879,	28.04032166, 26.356959796,	24.5735075951,	23.152306366]
kMeanMean = [65.2729115963,	46.9058843374,	36.982558012,	33.1334142685,	28.126056385,	25.7349243402,	23.3760115385]
runningStatisticsMean = [16.941155076,	15.0753554344,	13.1780247688,	10.6885153532,	10.1727785349,	9.5510387182,	8.6410430193]
sortMean = [18.184623456,	15.9081175566,	14.1061419725,	12.2461906195,	11.3177559137,	9.8395243645,	8.6279294729]
svmPegasosMean = [21.7273940802,	16.5108553648,	13.6758512259,	11.7160822868,	10.169873786,	9.2494116306,	8.2770807505]
svmRankMean = [13.5739640236,	9.4316759825,	7.4056837559,	7.1425828934,	6.7931341171,	6.2392738581,	5.6404765368]
videoTrackMean[194.2697607517, 149.5497651815, 109.4762353897, 107.86320467,	96.0109014273,	74.7967384815,	62.3649808884]



boltzmanMinimum = [196.4617967606,	147.3169641495,	118.2393977642,	98.5912549496,	84.6393661499,	74.259103775,	66.1003136635]
costAssignmentMinimum = [9.3506274223,	7.2149145603,	5.9333457947,	4.9734518528,	4.3552439213,	3.8987550735,	3.566608429]
FaceDetectorMinimum = [366.342566967,	312.5364944935,	326.1733260155,	186.973410368,	231.6096036434,	198.8144006729,	174.5185861588]
TextSearchMinimum = [43.4598522186,	36.8896787167,	33.5751974583,	27.1308665276,	25.7505419254,	24.1001098156,	22.6717095375]
kMeanMinimum = [57.118311882,	43.7254285812,	44.9099030495,	31.1726486683,	33.4467828274,	28.976587534,	26.4122991562]
runningStatisticsMinimum = [13.9659833908,	13.2280600071,	12.4834468365,	8.9566311836,	9.2901573181,	8.815461874,	7.3517258167]
sortMinimum = [15.4625577927,	14.4456794262,	12.5228521824,	11.5897483826,	10.5408945084,	8.5434734821,	8.0884506702]
svmPegasosMinimum = [21.4920926094,	16.3535625935,	13.4429080486,	11.5058803558,	10.0912885666,	9.0777361393,	8.2131633759]
svmRankMinimum = [10.2804102898,	7.8388047218,	6.4119298458,	5.2632427216,	5.9381301403,	5.9728085995,	4.9945054054]
videoTrackMinimum[186.667519331,	135.7011227608,	92.0995836258,	77.6732745171,	92.2503709793,	65.7363779545,	59.0175340176]



boltzmanMaximum = [337.9241554737,	212.3276369572,	231.6973433495,	193.0593225956,	136.7862548828,	117.9692232609,	128.4358084202]
costAssignmentMaximum = [10.2291724682,	7.6047332287,	7.7535433769,	5.054213047,	4.6000986099,	4.4571404457,	4.252102375]
FaceDetectorMaximum = [506.9054453373,	407.2412269115,	348.2357370853,	299.8506035805,	253.7676770687,	219.9697377682,	203.8100237846]
TextSearchMaximum =[45.9815118313,	39.8082945347,	37.0733532906,	29.4137735367,	28.4596560001,	25.0339295864,	23.9721345901]
kMeanMaximum = [70.5548167229,	56.3859894276,	48.5937616825,	39.901245594,	35.9311668873,	30.6806833744,	28.3389613628]
runningStatisticsMaximum = [19.3142461777,	17.8606052399,	14.1134617329,	17.6882369518,	11.205085516,	12.1430878639,	12.4034862518]
sortMaximum = [19.6183514595,	17.3419222832,	14.8884563446,	12.8318121433,	12.1068069935,	10.5833170414,	9.4162409306]
svmPegasosMaximum = [23.1158289909,	16.8417320251,	14.3194849491,	12.1875903606,	10.2900595665,	9.778128624,	8.4286315441]
svmRankMaximum = [15.9728000164,	11.6045367718,	9.4249107838,	8.2488996983,	7.2111954689,	6.591157198,	6.2229471207]
videoTrackMaximum = [207.1771769524,	157.6026232243,	126.9942743778,	114.230817318,	98.3456275463,	88.8377838135,	69.0760109425]

